3961
108185
9823584
9844369
9846177
9867801
9890115
9911047
9956113
9979425
9983958
10002708
10023185
10255888
10341959
10475382
11270805
11531866
11540245
11598393
11756211
13022615
13074091
14425664
14962867
15029990
15088598
15099345
15099348
15099352
15099356
15099358
15099359
15698108
15699051
15699052
15699053
15699054
15699055
15699056
15699068
15699069
17885158
18426022
18987103
19008892
19008959
19036191
19036244
19036281
19036325
19036341
19072520
19072545
19771784
19771791
19815292
19815401
19815475
20604713
21301374
21843668
22373562
22915641
23057631
23661193
24808540
24938678
25117902
25118259
25235250
25235300
25235301
25235400
25235899
25235940
25749227
26317345
29921204
29934697
44209044
44210630
44253670
44253671
44275482
44287012
44319461
44319541
44319594
44319706
44322953
44323112
44323113
44376208
44376992
44424820
45039667
45039668
45359014
46780033
46853001
46853002
50916711
50940025
53694808
53746010
53791245
53792022
53863256
53911016
53914960
53977892
53991448
54042006
54073240
54104544
54231439
54440800
54480837
56834749
57226775
57320125
57831304
57831310
58370354
58669700
58773666
58773824
59061387
59065632
59253446
59391854
59411710
59432663
59738365
59738370
59738378
59738380
59738384
59738385
59738387
59738392
60134708
66704125
66960245
67100312
67474982
67553819
67553899
67593224
67643288
67680027
67741906
67741908
67793098
67823642
67854947
67870257
67884074
67911082
67911174
67911327
68407983
68407984
68409368
68444820
68519620
68636440
68734348
69043208
69417529
69434824
69434827
69817183
69821050
70013531
70019581
70092817
70310931
70577787
70684421
70690743
70830738
70897500
70915442
71123644
71749845
71771793
84131597
84131602
84147690
84147691
84147692
84147706
84147707
84147708
84170390
84170391
84170392
84170404
84170405
84170406
84198671
84198672
84198679
84198680
85732594
88008354
88057551
88480407
88626299
89267369
89267370
90693871
90895925
90994455
91269921
91277213
91406404
96364477
96364478
96364480
96364481
101532982
101620916
101620917
101624694
101857095
117999404
118328931
118328941
118441530
123138482
123651193
123819543
125507720
129627340
129643975
129823639
129869263
131674063
131708481
131708542
131717910
134298830
135723852
137402166
138396164
139630348
139729381
140421836
140466622
140505372
140699534
140922793
140986342
141007415
141179406
141194305
141210220
141378182
141607875
141795646
141820120
141978650
141978658
141995740
142630031
142630034
142705493
143013911
143013912
143013917
143292220
143293101
143400756
143560647
143686458
143686495
143686520
143686536
143686537
143854132
143854183
143956061
143956062
144007491
144064473
144269892
144982172
145428645
145428647
145428654
145728694
145825929
146157975
146774968
146774969
153668946
153919222
154431572
154459729
154491745
154699743
155120401
155527749
156130206
156588083
160295119
161434252
161872949
162762005
163712579
163818341
163979756
164066053